0		5305906002	141671685
2537113	18497367893	133440792
3517079	3095810		108877927
3517212	352842912	141605958
3517481	803661815	141639251
3524085	30281904	126375565
3524236	304785383	140949828
3525664	3264617		124483249
3525700	3165191		128498927
3526227	2228936		116699411
3532353	139913		133270435
3534047	67070788	138113350
3535335	210868		130746655
3541273	149177		124409589
5027706	35989607	139849167
5028100	11945743	136389097
5028997	44349496	141063207
6135686	53000		104888488
6136873	33000		104888488
6136874	53001		104888488
6136911	353001		104888488
6136920	33000		104888488
6136927	59330		104888488
6136928	28000		104888488
6136929	33000		104888488
6137045	48420		104888488
6137046	40000		104888488
6137069	33000		104888488
6137077	43000		104888488
6137078	83001		132637908
6137093	33000		104888488
6137094	5216940		107872339
6137095	53000		104888488
6137097	33001		104888488
6137099	23000		104888488
6137100	1545138		104888488
6137101	43000		104888488
6137104	33000		104888488
6137111	79806		104888488
6137112	33000		104888488
6137130	33000		104888488
6137212	33000		104888488
12425379	56069069529	141375549
15888358	19350200	104888488
15895966	15020198	133266592
16050456	113961478	107295206
18209746	380871	133266591
18498578	10000	104888488
19532398	2000000	141649356
19548135	2014882	141663366
19548655	1062422	141668848
27232198	1661352264	123386367
30608925	8070461127	141668848
46737753	7828785952	141672739
46738356	11793094086	141672733
46738507	7203606016	141672736
46752222	17118353434	141672736
46752983	4168660044	141672736
46756223	11890911946	141672739
46759831	12004621413	141672735
46767061	2818437925	141672736
46837455	11663489557	141672734
46860600	8478946548	141672739
49740287	5388013828	141672416
52741965	2029384	141648766
52741966	2000000	141548372
60277367	40000	107877697
70471598	47899395196	141672278
80290192	5911968502	141672524
101931032	1049086	141256837
132797192	189300	124560912
145075056	38500341	137572027